              precision    recall  f1-score   support

           0       1.00      1.00      1.00       980
           1       1.00      1.00      1.00      1135
           2       1.00      1.00      1.00      1032
           3       1.00      1.00      1.00      1010
           4       1.00      1.00      1.00       982
           5       0.99      1.00      0.99       892
           6       1.00      0.99      0.99       958
           7       0.99      1.00      0.99      1028
           8       0.99      0.99      0.99       974
           9       1.00      0.99      0.99      1009

    accuracy                           1.00     10000
   macro avg       1.00      1.00      1.00     10000
weighted avg       1.00      1.00      1.00     10000
